10 10
8.9162 5.4573 2.9891 6.0136 9.1762 0.1999 8.1365 5.8821 9.9431 9.2868 
5.2021 0.8121 8.8974 1.2491 4.3078 4.8947 7.8634 4.9281 1.8738 9.1419 
8.9651 4.1251 8.9328 3.5632 6.1058 5.9842 1.2329 3.4542 9.1737 5.9215 
6.2102 0.2144 2.1728 4.1128 1.5748 2.1754 9.9489 0.2378 0.1321 3.6853 
4.5552 6.9273 2.1326 8.3284 7.8005 7.8539 0.6615 8.9171 0.2064 4.2667 
3.7717 0.6067 9.2669 3.3855 7.3947 1.6324 0.1372 3.2579 0.2325 3.1826 
2.2561 9.5540 9.1164 1.4360 1.7377 2.8727 2.3468 9.9377 1.7452 1.7395 
9.9694 4.2221 5.0892 4.1746 6.3197 6.9055 5.4433 1.3163 7.6400 2.9314 
9.0108 5.2423 5.9554 9.7802 0.1141 2.4243 9.5860 7.3182 5.9852 3.4572 
7.0518 5.1467 5.2876 4.7484 4.7297 5.5079 2.0299 2.8134 6.1582 7.6649 
