10 10
2.6578 4.1135 2.2396 7.5675 8.6559 5.4662 1.4186 7.1230 9.6802 0.5577 
6.1482 1.3292 9.8907 7.6797 2.1907 9.9006 5.2824 7.9305 3.4337 6.8421 
6.8057 5.5555 1.0722 7.4727 1.6576 9.3134 6.1166 7.6347 7.8202 6.0634 
4.9479 8.2527 8.4443 0.6760 2.7056 1.0901 7.1236 9.5517 3.5844 8.1274 
9.2657 3.2867 7.0939 0.8007 9.4801 2.6347 1.1035 8.6062 4.5599 0.0287 
5.2168 9.1978 9.5122 3.0240 2.0886 9.0624 3.8166 9.8123 6.7668 0.7534 
4.2874 2.9362 6.7296 7.9648 6.7594 2.9790 6.5372 3.6250 3.5206 3.8635 
3.8316 5.9798 1.3921 7.4949 0.7834 4.0379 3.5089 3.4391 2.6195 5.8138 
0.6483 2.0600 6.1368 2.5170 9.2320 3.1817 7.8805 0.8443 9.3213 0.7065 
0.4587 6.3180 0.4033 8.8528 5.2535 4.7512 8.1305 5.5408 8.9927 1.6230 
